1.01754	0	0.440279
1.43157	8040	114.62
1.89267	12328	142.824
2.02939	14472	68.8122
2.15683	15544	110.732
2.21354	13936	248.826
2.29848	12864	110.766
2.38344	11792	276.836
2.44473	10184	230.257
2.549	8576	90.2256
2.62924	7504	175.872
2.71423	5948	110.695
2.78503	4946	199.322
2.86527	2905	175.872
2.93135	1902	142.373
3.45982	1072	53.4069
3.65806	536	71.1864
3.85151	1072	48.6328
4.05619	1340	22.9827
4.26387	1554	67.9507
4.47627	1738	44.2938
4.49815	1903	429.903
4.73887	2053	97.7069
4.94354	2192	45.9671
4.99374	2323	187.395
5.19948	2446	45.728
5.25334	2563	174.669
5.45802	2675	45.9653
5.53654	2782	239.621
5.74153	2885	45.8962
5.84334	3080	184.804
6.0699	3173	41.5254
6.15014	3263	293.121
6.35482	3351	45.9653
6.48054	3519	149.661
6.66934	3600	49.8305
6.7307	3679	76.6623
6.8251	3757	249.153
7.03278	3833	45.3005
7.17438	3980	199.322
7.37906	4052	45.9653
7.55198	4259	190.419
7.7691	4326	43.3309
7.92486	4457	181.202
8.15142	4584	41.5254
8.23166	4646	58.6241
8.32606	4707	298.983
8.57622	4828	56.4119
8.73198	4945	181.202
8.9461	5060	87.8776
9.17094	5227	125.527
9.44942	5335	84.4585
9.61462	5441	170.847
9.82874	5545	87.8776
9.97334	5647	32.5302
10.0772	5697	271.803
10.2914	5796	87.8435
10.535	5942	135.15
10.7494	6037	87.7698
10.856	6084	44.1354
11.0259	6223	138.418
11.0401	6269	332.203
11.3421	6314	77.8602
11.5121	6448	138.418
11.5309	6492	498.305
11.7359	6536	91.8234
11.8141	6579	120.176
11.9888	6708	107.742
12.0077	6750	498.305
12.2106	6792	92.7079
12.2909	6834	117.248
12.4702	6958	104.906
12.4938	6999	597.966
12.7015	7040	90.6009
12.7817	7080	117.248
12.9611	7200	78.6797
12.9894	7239	498.305
13.1877	7278	142.373
13.2679	7317	117.248
13.4473	7433	52.4532
13.4803	7471	569.492
13.6833	7509	162.239
13.7493	7547	142.373
13.9145	7659	56.9492
13.9476	7696	569.492
14.1505	7770	139.062
14.2166	7806	142.373
14.3771	7914	58.6241
14.4196	7950	442.938
14.632	8021	132.881
14.7075	8056	186.864
14.868	8161	58.6241
14.9057	8196	498.305
15.1276	8265	127.227
15.1937	8299	284.746
15.3541	8401	58.6241
15.3966	8435	332.203
15.6137	8502	151.658
15.694	8535	175.872
15.7459	8568	181.202
15.845	8634	94.9153
15.8828	8667	249.153
16.0969	8733	175.755
16.1943	8797	96.5874
16.2745	8829	117.248
16.3359	8893	153.325
16.3784	8925	221.469
16.5861	8989	181.202
16.6852	9051	94.9153
16.7654	9082	117.248
16.8551	9113	104.906
16.9117	9175	83.0508
16.9589	9206	298.983
17.0769	9237	239.186
17.1383	9268	76.6623
17.1761	9298	249.153
17.2563	9328	117.248
17.3413	9358	110.734
17.3932	9388	90.6009
17.4498	9418	249.153
17.5065	9448	166.102
17.5678	9478	229.987
17.6245	9508	166.102
17.6811	9538	249.153
17.7613	9568	117.248
17.8274	9598	142.373
17.969	9656	99.661
18.0445	9685	186.864
18.1106	9714	142.373
18.1767	9772	213.559
18.2522	9801	124.576
18.3325	9830	175.872
18.4174	9859	110.734
18.5024	9917	166.102
18.5732	9945	132.881
18.6109	9973	124.576
18.6676	10001	166.102
18.7573	10057	157.36
18.8281	10085	132.881
18.9225	10113	249.153
19.0641	10197	99.661
19.1915	10225	184.557
19.2719	10281	117.054
19.3425	10308	199.697
19.4086	10335	213.559
19.4794	10362	132.881
19.5455	10416	213.559
19.5927	10443	199.322
19.6824	10470	262.266
19.7579	10524	124.576
19.824	10551	142.373
19.8901	10578	284.746
19.9656	10605	124.576
20.0222	10659	166.102
20.0789	10685	166.102
20.1685	10711	314.719
20.2535	10763	110.734
20.3149	10789	153.325
20.3857	10815	199.322
20.4565	10841	265.763
20.532	10893	124.576
20.5792	10919	99.661
20.6594	10945	234.497
20.7208	10997	76.6623
20.7444	11023	597.966
20.8152	11049	132.881
20.886	11075	199.322
20.9568	11100	132.881
21.0181	11125	229.987
21.0937	11175	124.576
21.1597	11200	213.559
21.2305	11225	332.203
21.2872	11250	249.153
21.3769	11300	104.906
21.4288	11325	181.202
21.5845	11375	181.202
21.6648	11425	117.248
21.7214	11450	249.153
21.7969	11475	124.576
21.8583	11500	229.987
22.0189	11548	146.496
22.0802	9648	153.325
22.151	8576	199.322
22.2029	6968	271.803
22.2737	5360	132.881
22.2832	4848	498.305
22.3398	3869	332.203
22.3917	1911	181.202
22.4625	1072	266.027
22.7693	1340	137.992
23.0808	1554	30.2003
23.4017	1738	29.3121
23.6064	1903	68.948
24.0861	2192	19.6113
24.459	2446	50.4613
24.8461	2675	48.6151
25.2378	2885	48.0294
25.4519	3080	109.847
26.0655	3351	38.3312
26.2968	3600	101.695
26.7405	3833	53.0112
26.9482	3907	22.6502
27.1983	4122	94.0198
27.406	4191	22.6502
27.6751	4392	87.4219
27.8827	4457	22.6502
27.9471	4521	73.0843
28.3689	4707	66.9139
28.4333	4768	146.169
28.6804	4945	38.065
28.9241	5003	96.5026
28.9666	5116	110.734
29.3698	5227	81.6782
29.4575	5335	107.23
29.9153	5493	61.646
29.9531	5545	249.153
30.1561	5697	46.354
30.4062	5747	75.2159
30.5053	5796	142.373
30.6469	5942	66.4407
30.8782	5990	81.3559
30.9726	6037	199.322
31.0906	6177	79.7288
31.2747	6223	102.216
31.3597	6269	221.469
31.4777	6404	119.593
31.6523	6448	107.742
31.742	6492	209.813
31.8553	6622	83.0508
32.0582	6708	92.7079
32.1526	6750	199.322
32.2659	6876	83.0508
32.483	6958	108.327
32.5821	6999	189.831
32.6954	7120	83.0508
32.922	7200	124.576
33.0258	7239	181.202
33.1391	7356	83.0508
33.3532	7433	153.786
33.4742	7509	155.499
33.5922	7622	79.7288
33.8329	7696	117.248
33.9415	7770	173.324
34.0689	7878	73.823
34.3049	7950	119.593
34.4229	8021	199.322
34.5598	8126	68.7317
34.7958	8196	119.593
34.9185	8265	191.656
34.9421	8299	199.322
35.0507	8367	86.6618
35.2442	8435	145.845
35.3481	8502	181.202
35.3717	8535	597.966
35.4661	8601	99.661
35.6549	8667	149.492
35.7587	8733	181.202
35.7776	8765	498.305
35.8861	8861	86.6618
36.0844	8925	142.373
36.1929	8989	173.324
36.2118	9020	498.305
36.3204	9113	86.6618
36.5328	9175	155.028
36.6366	9237	181.202
36.6555	9268	498.305
36.7641	9358	86.6618
36.9782	9418	175.755
37.1133	9508	139.209
37.1322	9538	498.305
37.2502	9627	79.7288
37.4721	9685	190.84
37.5853	9743	166.102
37.6042	9772	498.305
37.7222	9859	79.7288
37.9629	9945	156.331
38.0809	10001	159.458
38.114	10029	284.746
38.2178	10113	90.6009
38.4538	10197	179.39
38.4963	10225	332.203
38.5765	10253	58.6241
38.6237	10281	199.322
38.6898	10335	142.373
38.7748	10389	166.102
38.8304	10416	253.756
38.9295	10443	189.947
38.9625	10470	284.746
39.0286	10497	142.373
39.0805	10524	181.202
39.1277	10578	199.322
39.1843	10632	166.102
39.2363	10659	362.404
39.3448	10685	173.324
39.3779	10711	427.119
39.4439	10737	142.373
39.4911	10763	199.322
39.5431	10815	181.202
39.5997	10867	166.102
39.6563	10893	332.203
39.7602	10919	181.202
39.7885	10945	332.203
39.8687	10997	117.248
39.9159	11023	199.322
39.9679	11075	181.202
40.0292	11125	153.325
40.0859	11150	332.203
40.1944	11175	173.324
40.2227	11200	332.203
40.3124	11250	104.906
40.3691	11275	249.153
